2  -0.791352  0.241118  0.062453  0.678998
2.01  -1.01821  0.249602  0.05771  0.614088
2.02  -1.16051  0.255811  0.0254966  0.522227
2.03  -1.21993  0.257217  0.0300056  0.418095
2.04  -1.33369  0.239167  0.0274368  0.354624
2.05  -1.33808  0.257964  0.0217411  0.323244
2.06  -1.36976  0.247981  0.0194031  0.281141
2.07  -1.38926  0.239266  0.0312508  0.303986
2.08  -1.45569  0.231595  0.0211424  0.267287
2.09  -1.42347  0.23864  0.0380528  0.298487
2.1  -1.40811  0.223693  0.0234858  0.322986
2.11  -1.42723  0.232813  0.0297601  0.2559
2.12  -1.46277  0.225049  0.029059  0.230825
2.13  -1.47414  0.224212  0.0198343  0.216802
2.14  -1.52451  0.22236  0.0199673  0.227435
2.15  -1.51488  0.218274  0.0183186  0.231402
2.16  -1.51123  0.218604  0.0164705  0.215858
2.17  -1.46742  0.231107  0.0303621  0.20409
2.18  -1.47097  0.22372  0.0172131  0.221025
2.19  -1.47711  0.213131  0.0217084  0.270137
2.2  -1.45191  0.212625  0.0157558  0.244268
2.21  -1.46784  0.212623  0.0203299  0.230989
2.22  -1.49663  0.209767  0.0135393  0.204337
2.23  -1.51362  0.2044  0.0176436  0.200208
2.24  -1.49298  0.205047  0.0251821  0.176535
2.25  -1.4671  0.19442  0.0138759  0.217904
2.26  -1.44354  0.208945  0.0177244  0.300066
2.27  -1.44501  0.201423  0.0322365  0.218134
2.28  -1.44801  0.191228  0.0142908  0.227284
2.29  -1.44221  0.196629  0.0183968  0.258838
2.3  -1.49321  0.20173  0.020958  0.232472

2  -0.810698  0.262354  0.0171029  0.778203
2.01  -1.05928  0.262101  0.0371152  0.646835
2.02  -1.1439  0.251711  0.0166718  0.494408
2.03  -1.18554  0.243108  0.0122771  0.418614
2.04  -1.24732  0.244943  0.0121746  0.403302
2.05  -1.28724  0.247431  0.0152365  0.381639
2.06  -1.31497  0.24008  0.0145612  0.356892
2.07  -1.35509  0.23057  0.0159224  0.330423
2.08  -1.34353  0.237689  0.013694  0.378018
2.09  -1.36038  0.23048  0.0120877  0.33159
2.1  -1.36368  0.228839  0.0145016  0.324141
2.11  -1.38603  0.232612  0.0211478  0.324578
2.12  -1.40188  0.226492  0.0133324  0.295478
2.13  -1.41938  0.22725  0.0121343  0.274696
2.14  -1.44392  0.222016  0.0112539  0.259294
2.15  -1.45843  0.225735  0.0100338  0.263405
2.16  -1.44729  0.219897  0.0132198  0.264552
2.17  -1.43342  0.217472  0.0121087  0.258022
2.18  -1.45935  0.219367  0.0108809  0.263235
2.19  -1.42925  0.218694  0.018161  0.250007
2.2  -1.45001  0.212749  0.0100153  0.253724
2.21  -1.45654  0.213977  0.0222217  0.254465
2.22  -1.47305  0.21614  0.0112582  0.237833
2.23  -1.46102  0.209861  0.0114957  0.262868
2.24  -1.46175  0.202908  0.0109217  0.248983
2.25  -1.49953  0.205095  0.0101318  0.21047
2.26  -1.47148  0.19944  0.0140687  0.224468
2.27  -1.49636  0.201098  0.0100317  0.202946
2.28  -1.49928  0.202179  0.0096015  0.225328
2.29  -1.52949  0.197559  0.00923478  0.201642
2.3  -1.50656  0.203285  0.0222136  0.203703

2  -0.783318  0.258796  0.0252317  0.71988
2.01  -0.994867  0.246583  0.0212894  0.644903
2.02  -1.12133  0.245894  0.0130758  0.515065
2.03  -1.19566  0.244644  0.0134265  0.472952
2.04  -1.24127  0.24789  0.0120573  0.433809
2.05  -1.28509  0.241817  0.010427  0.3882
2.06  -1.31932  0.238954  0.0202516  0.38261
2.07  -1.33436  0.236123  0.00865894  0.34686
2.08  -1.34914  0.237291  0.0172443  0.33668
2.09  -1.37346  0.23226  0.0106016  0.31238
2.1  -1.37756  0.233633  0.0137067  0.296981
2.11  -1.41074  0.235601  0.00900369  0.307304
2.12  -1.42074  0.22684  0.00784553  0.288549
2.13  -1.43366  0.225758  0.0136248  0.256433
2.14  -1.42247  0.224954  0.00800622  0.269013
2.15  -1.4486  0.216684  0.00801484  0.270921
2.16  -1.45298  0.214507  0.00776416  0.278517
2.17  -1.43806  0.222038  0.0191729  0.281871
2.18  -1.43705  0.21962  0.0153519  0.267139
2.19  -1.45966  0.206058  0.0119248  0.242389
2.2  -1.45508  0.210614  0.00893134  0.251086
2.21  -1.47087  0.216462  0.00719369  0.216656
2.22  -1.44587  0.210906  0.00775509  0.254897
2.23  -1.48025  0.200703  0.00769959  0.252989
2.24  -1.45919  0.206357  0.0156496  0.230636
2.25  -1.46619  0.207552  0.0123589  0.223867
2.26  -1.48568  0.199617  0.00721366  0.223338
2.27  -1.48713  0.198091  0.0139561  0.20319
2.28  -1.48884  0.197316  0.010994  0.227051
2.29  -1.48634  0.203255  0.0102919  0.200954
2.3  -1.4793  0.200329  0.00999613  0.201897

2  -0.759438  0.246654  0.026425  0.719265
2.01  -1.03152  0.24905  0.00899582  0.604525
2.02  -1.12123  0.247111  0.0257669  0.513423
2.03  -1.16969  0.243444  0.0108511  0.457987
2.04  -1.23845  0.246284  0.013646  0.399673
2.05  -1.26245  0.237235  0.00802824  0.367967
2.06  -1.30924  0.238824  0.00669028  0.340557
2.07  -1.32792  0.239466  0.00736394  0.337634
2.08  -1.35108  0.237495  0.0088102  0.337014
2.09  -1.36744  0.230294  0.0094946  0.315786
2.1  -1.38586  0.23679  0.0065974  0.316325
2.11  -1.38399  0.229906  0.00785148  0.302907
2.12  -1.41595  0.231815  0.00631084  0.294039
2.13  -1.42674  0.23251  0.0158957  0.274715
2.14  -1.43872  0.226972  0.00758154  0.257518
2.15  -1.42708  0.226891  0.00719756  0.275218
2.16  -1.43654  0.2208  0.0119031  0.271263
2.17  -1.44934  0.217838  0.00828142  0.263192
2.18  -1.47012  0.212663  0.00584206  0.244891
2.19  -1.48098  0.22726  0.0167663  0.237315
2.2  -1.50303  0.209782  0.00623236  0.217211
2.21  -1.5098  0.208708  0.0077563  0.215386
2.22  -1.51745  0.211209  0.0137613  0.213452
2.23  -1.50125  0.21691  0.0151963  0.216051
2.24  -1.52145  0.208216  0.00601556  0.218634
2.25  -1.51185  0.203317  0.0055346  0.212611
2.26  -1.51267  0.200383  0.00528624  0.193968
2.27  -1.50437  0.204648  0.0120935  0.20338
2.28  -1.51893  0.205363  0.0100871  0.193476
2.29  -1.52668  0.20289  0.00953934  0.205986
2.3  -1.5312  0.205291  0.00534618  0.173224

