-1.99756 0.99913 0.99939 0.0194962 0.00329697
-1.99558 0.99807 0.99853 0.0352819 0.0080651
-1.9963 0.99848 0.99877 0.0295452 0.00599076
-1.99862 0.99949 0.99949 0.0110324 0.00167896
-1.99728 -0.03053 0.99932 0.0217304 3.99219
-1.99722 -0.061365 0.999305 0.0222091 3.98077
-1.99828 1.00043 1.00043 0.0137482 0.00085926
-1.99604 1.00167 1.00167 0.0316173 0.00678884
-1.99592 1.00166 1.00166 0.0325734 0.00646898
-1.99866 1.00033 1.00033 0.0107128 0.000669551
-1.99588 1.00169 1.00169 0.0328921 0.00670858
-1.99788 1.00063 1.00063 0.016942 0.00168839
-1.9978 1.00073 1.00073 0.0175806 0.0021479
-1.99552 1.00192 1.00192 0.0357597 0.00782525
-1.99666 1.00138 1.00138 0.0266754 0.00551238
-1.9971 1.00109 1.00109 0.0231664 0.00360529
-1.99692 1.00155 1.00155 0.0246021 0.00695039
-1.99866 1.00033 1.00033 0.0107128 0.000669551
-1.9974 1.00093 1.00093 0.020773 0.00297654
-1.99876 1.00031 1.00031 0.00991385 0.000619616
-1.9969 1.00131 1.00131 0.0247616 0.00525314
-1.9989 1.00028 1.00028 0.00879516 0.000549697
-1.9963 1.00159 1.00159 0.0295452 0.00652989
-1.99808 1.00063 1.00063 0.0153453 0.00185841
-1.9976 1.88239 1.88239 0.019177 3.94107
-1.99612 1.00158 1.00158 0.0309798 0.00617995
-1.99576 1.00171 1.00171 0.0338481 0.0066483
-1.99598 1.00167 1.00167 0.0320954 0.00662884
-1.99758 1.84356 1.84356 0.0193366 3.89847
-1.99734 0.999075 0.999335 0.0212517 0.00340658
-1.99792 0.99933 0.99933 0.0166227 0.0019382
-1.99862 0.99947 0.99947 0.0110324 0.00179888
-1.99722 0.998955 0.999305 0.0222091 0.00418563
-1.9987 0.999675 0.999675 0.0103932 0.000649578
-1.99534 0.99804 0.99848 0.0371931 0.00796463
-1.99744 0.99909 0.99909 0.0204538 0.00289669
-1.99804 0.999335 0.999335 0.0156646 0.00202823
-1.99768 0.99924 0.99924 0.0185385 0.00223769
-1.9959 0.998335 0.998605 0.0327328 0.00641891
-1.99578 0.99827 0.9986 0.0336888 0.00680803
-1.99588 0.998345 0.998645 0.0328921 0.00639904
-1.99706 0.998815 0.999265 0.0234854 0.00506438
-1.99724 -0.09765 0.99931 0.0220495 3.95772
-1.99878 0.999695 0.999695 0.00975405 0.000609628
-1.99588 0.99837 0.99864 0.0328921 0.00618937
-1.99838 0.999595 0.999595 0.0129495 0.000809344
-1.9958 0.99824 0.9986 0.0335294 0.00706761
-1.99478 0.99778 0.99828 0.041651 0.00908029
-1.9966 0.99862 0.99886 0.0271538 0.00535238
-1.99562 0.998205 0.998495 0.0349633 0.00695711
-1.99726 0.998975 0.999315 0.02189 0.0040858
-1.99896 0.99974 0.99974 0.00831567 0.00051973
-1.99858 0.999645 0.999645 0.0113519 0.000709496
-1.99612 0.998425 0.998685 0.0309798 0.00608008
-1.99728 0.99862 0.99898 0.0217304 0.00627238
-1.99556 0.99812 0.99854 0.0354411 0.00766586
-1.99542 0.99811 0.99843 0.0365561 0.00738571
-1.99614 0.998385 0.998725 0.0308204 0.00649957
-1.99732 0.10808 0.99901 0.0214113 3.94861
-1.99566 0.99818 0.99853 0.0346447 0.00726675
-1.99702 0.99854 0.99891 0.0238045 0.00651147
-1.99842 0.999605 0.999605 0.01263 0.000789376
-1.99606 0.99839 0.9987 0.0314579 0.00632963
-1.99842 0.99948 0.99948 0.01263 0.00153892
-1.9992 0.9998 0.9998 0.00639744 0.00039984
-1.9986 0.99965 0.99965 0.0111922 0.00069951
-1.99562 0.99823 0.99857 0.0349633 0.00690747
-1.99784 0.99926 0.99926 0.0172613 0.00227781
-1.99848 0.99962 0.99962 0.0121508 0.000759422
-1.99694 0.99872 0.99898 0.0244425 0.00513345
-1.99576 0.998225 0.998585 0.0338481 0.0071174
-1.99862 0.999655 0.999655 0.0110324 0.000689524
-1.99886 0.99959 0.99959 0.0091148 0.00131933
-1.99558 0.99819 0.99853 0.0352819 0.0071069
-1.99866 0.999665 0.999665 0.0107128 0.000669551
-1.99628 0.99851 0.9988 0.0297046 0.00579112
-1.99854 0.999635 0.999635 0.0116715 0.000729467
-1.99614 0.998335 0.998725 0.0308204 0.00689891
-1.99892 0.99973 0.99973 0.00863533 0.000539708
-1.99562 0.99817 0.99855 0.0349633 0.0073466
-1.99806 0.99937 0.99937 0.0155049 0.00183841
-1.99852 0.99963 0.99963 0.0118312 0.000739452
-1.99794 0.040185 0.999305 0.016463 3.99009
-1.99814 0.999425 0.999425 0.0148662 0.00158868
-1.9985 0.999415 0.999415 0.011991 0.00200863
-1.99558 0.998285 0.998505 0.0352819 0.00629824
-1.99636 0.9985 0.99878 0.029067 0.005911
-1.99588 0.998275 0.998615 0.0328921 0.0068981
-1.99928 0.99982 0.99982 0.00575793 0.00035987
-1.9976 0.99909 0.9994 0.019177 0.00367669
-1.99614 0.9984 0.99871 0.0308204 0.00634976
-1.99602 0.998295 0.998705 0.0317766 0.00705837
-1.9959 0.998255 0.998605 0.0327328 0.00705782
-1.99694 0.058875 0.999235 0.0244425 3.98154
-1.99876 1.00031 1.00031 0.00991385 0.000619616
-1.99802 1.00066 1.00066 0.0158243 0.00200823
-1.9981 1.00066 1.00066 0.0151856 0.00205826
-1.99828 1.00058 1.00058 0.0137482 0.00175865
-1.99772 1.00116 1.00116 0.0182192 0.00516466
-1.9964 1.00142 1.00142 0.0287482 0.00539193
