inf -inf inf 0 inf -nan 0
-2 -1.5 1.5 -8 0 -4 1
-2 -1.25 1.25 -8 -16 -8 2
-2 -1.16667 1.16667 -8 -32 -12 3
-2 -1.125 1.125 -8 -48 -16 4
-2 -1.1 1.1 -8 -64 -20 5
-2 -1.08333 1.08333 -8 -80 -24 6
-2 -1.07143 1.07143 -8 -96 -28 7
-2 -1.0625 1.0625 -8 -112 -32 8
-2 -1.05556 1.05556 -8 -128 -36 9
-2 -1.05 1.05 -8 -144 -40 10
-2 -1.04545 1.04545 -8 -160 -44 11
-2 -1.04167 1.04167 -8 -176 -48 12
-2 -1.03846 1.03846 -8 -192 -52 13
-2 -1.03571 1.03571 -8 -208 -56 14
-2 -1.03333 1.03333 -8 -224 -60 15
-2 -1.03125 1.03125 -8 -240 -64 16
-2 -1.02941 1.02941 -8 -256 -68 17
-2 -1.02778 1.02778 -8 -272 -72 18
-2 -1.02632 1.02632 -8 -288 -76 19
-2 -1.025 1.025 -8 -304 -80 20
-2 -1.02381 1.02381 -8 -320 -84 21
-2 -1.02273 1.02273 -8 -336 -88 22
-2 -1.02174 1.02174 -8 -352 -92 23
-2 -1.02083 1.02083 -8 -368 -96 24
-2 -1.02 1.02 -8 -384 -100 25
-2 -1.01923 1.01923 -8 -400 -104 26
-2 -1.01852 1.01852 -8 -416 -108 27
-2 -1.01786 1.01786 -8 -432 -112 28
-2 -1.01724 1.01724 -8 -448 -116 29
-2 -1.01667 1.01667 -8 -464 -120 30
-2 -1.01613 1.01613 -8 -480 -124 31
-2 -1.01562 1.01562 -8 -496 -128 32
-2 -1.01515 1.01515 -8 -512 -132 33
-2 -1.01471 1.01471 -8 -528 -136 34
-2 -1.01429 1.01429 -8 -544 -140 35
-2 -1.01389 1.01389 -8 -560 -144 36
-2 -1.01351 1.01351 -8 -576 -148 37
-2 -1.01316 1.01316 -8 -592 -152 38
-2 -1.01282 1.01282 -8 -608 -156 39
-2 -1.0125 1.0125 -8 -624 -160 40
-2 -1.0122 1.0122 -8 -640 -164 41
-2 -1.0119 1.0119 -8 -656 -168 42
-2 -1.01163 1.01163 -8 -672 -172 43
-2 -1.01136 1.01136 -8 -688 -176 44
-2 -1.01111 1.01111 -8 -704 -180 45
-2 -1.01087 1.01087 -8 -720 -184 46
-2 -1.01064 1.01064 -8 -736 -188 47
-2 -1.01042 1.01042 -8 -752 -192 48
-2 -1.0102 1.0102 -8 -768 -196 49
-2 -1.01 1.01 -8 -784 -200 50
-2 -1.0098 1.0098 -8 -800 -204 51
-2 -1.00962 1.00962 -8 -816 -208 52
-2 -1.00943 1.00943 -8 -832 -212 53
-2 -1.00926 1.00926 -8 -848 -216 54
-2 -1.00909 1.00909 -8 -864 -220 55
-2 -1.00893 1.00893 -8 -880 -224 56
-2 -1.00877 1.00877 -8 -896 -228 57
-2 -1.00862 1.00862 -8 -912 -232 58
-2 -1.00847 1.00847 -8 -928 -236 59
-2 -1.00833 1.00833 -8 -944 -240 60
-2 -1.0082 1.0082 -8 -960 -244 61
-2 -1.00806 1.00806 -8 -976 -248 62
-2 -1.00794 1.00794 -8 -992 -252 63
-2 -1.00781 1.00781 -8 -1008 -256 64
-2 -1.00769 1.00769 -8 -1024 -260 65
-2 -1.00758 1.00758 -8 -1040 -264 66
-2 -1.00746 1.00746 -8 -1056 -268 67
-2 -1.00735 1.00735 -8 -1072 -272 68
-2 -1.00725 1.00725 -8 -1088 -276 69
-2 -1.00714 1.00714 -8 -1104 -280 70
-2 -1.00704 1.00704 -8 -1120 -284 71
-2 -1.00694 1.00694 -8 -1136 -288 72
-2 -1.00685 1.00685 -8 -1152 -292 73
-2 -1.00676 1.00676 -8 -1168 -296 74
-2 -1.00667 1.00667 -8 -1184 -300 75
-2 -1.00658 1.00658 -8 -1200 -304 76
-2 -1.00649 1.00649 -8 -1216 -308 77
-2 -1.00641 1.00641 -8 -1232 -312 78
-2 -1.00633 1.00633 -8 -1248 -316 79
-2 -1.00625 1.00625 -8 -1264 -320 80
-2 -1.00617 1.00617 -8 -1280 -324 81
-2 -1.0061 1.0061 -8 -1296 -328 82
-2 -1.00602 1.00602 -8 -1312 -332 83
-2 -1.00595 1.00595 -8 -1328 -336 84
-2 -1.00588 1.00588 -8 -1344 -340 85
-2 -1.00581 1.00581 -8 -1360 -344 86
-2 -1.00575 1.00575 -8 -1376 -348 87
-2 -1.00568 1.00568 -8 -1392 -352 88
-2 -1.00562 1.00562 -8 -1408 -356 89
-2 -1.00556 1.00556 -8 -1424 -360 90
-2 -1.00549 1.00549 -8 -1440 -364 91
-2 -1.00543 1.00543 -8 -1456 -368 92
-2 -1.00538 1.00538 -8 -1472 -372 93
-2 -1.00532 1.00532 -8 -1488 -376 94
-2 -1.00526 1.00526 -8 -1504 -380 95
-2 -1.00521 1.00521 -8 -1520 -384 96
-2 -1.00515 1.00515 -8 -1536 -388 97
-2 -1.0051 1.0051 -8 -1552 -392 98
-2 -1.00505 1.00505 -8 -1568 -396 99
