-4.99e-06 -2.49579e-06 2.49671e-06 2.996e-05 7.49184e-06
-4.99146e-06 3.70626e-09 3.71874e-09 2.99658e-05 1.54445e-08
-4.99586e-06 1.03751e-09 1.03751e-09 2.99834e-05 2.07461e-09
-4.99011e-06 4.2125e-09 4.2125e-09 2.99604e-05 1.71679e-08
-4.98936e-06 4.52501e-09 4.52501e-09 2.99574e-05 1.84419e-08
-4.99101e-06 3.83751e-09 3.83751e-09 2.9964e-05 1.56192e-08
-4.99066e-06 3.83751e-09 3.83751e-09 2.99626e-05 1.49691e-08
-4.99226e-06 2.96251e-09 2.96251e-09 2.9969e-05 1.20715e-08
-4.99656e-06 8.62507e-10 8.62507e-10 2.99862e-05 1.72473e-09
-4.99516e-06 2.47854e-06 2.47854e-06 2.99806e-05 1.7363e-05
-4.99431e-06 -1.9188e-09 1.9312e-09 2.99772e-05 5.89808e-09
-4.99616e-06 -1.4875e-09 1.4875e-09 2.99846e-05 5.07413e-09
-4.99721e-06 -7.00004e-10 7.00004e-10 2.99888e-05 1.39982e-09
-4.98861e-06 -4.875e-09 4.875e-09 2.99544e-05 1.99905e-08
-4.99376e-06 -2.02501e-09 2.02501e-09 2.9975e-05 5.89841e-09
-4.99061e-06 -3.82501e-09 3.82501e-09 2.99624e-05 1.48442e-08
-4.99436e-06 -1.90001e-09 1.90001e-09 2.99774e-05 5.74859e-09
-4.99626e-06 -9.37505e-10 9.37505e-10 2.9985e-05 1.87466e-09
-4.99381e-06 -2.35e-09 2.35e-09 2.99752e-05 9.4978e-09
-4.99421e-06 -1.92501e-09 1.92501e-09 2.99768e-05 5.74854e-09
-4.99261e-06 -3.025e-09 3.025e-09 2.99704e-05 1.16964e-08
-4.99296e-06 -3.62501e-09 3.62501e-09 2.99718e-05 1.65948e-08
-4.99541e-06 -1.56251e-09 1.56251e-09 2.99816e-05 4.77406e-09
-4.99026e-06 -4.0125e-09 4.0125e-09 2.9961e-05 1.57686e-08
-4.99021e-06 -3.85001e-09 3.85001e-09 2.99608e-05 1.46941e-08
-4.98971e-06 -4.42501e-09 4.42501e-09 2.99588e-05 1.83922e-08
-4.99466e-06 -1.68751e-09 1.68751e-09 2.99786e-05 4.77391e-09
-4.99426e-06 -2.0625e-09 2.0625e-09 2.9977e-05 7.87331e-09
-4.99016e-06 -3.97501e-09 3.97501e-09 2.99606e-05 1.54937e-08
-4.99401e-06 -2.86251e-09 2.86251e-09 2.9976e-05 1.22218e-08
-4.99081e-06 -3.92501e-09 3.92501e-09 2.99632e-05 1.61439e-08
-4.99061e-06 -3.95001e-09 3.95001e-09 2.99624e-05 1.58438e-08
-4.99326e-06 -2.46251e-09 2.46251e-09 2.9973e-05 9.57261e-09
-4.99481e-06 -1.83751e-09 1.83751e-09 2.99792e-05 5.82367e-09
-4.99261e-06 -2.8e-09 2.8e-09 2.99704e-05 1.12969e-08
-4.99526e-06 -1.52501e-09 1.52501e-09 2.9981e-05 4.3991e-09
-4.99546e-06 -1.5e-09 1.5e-09 2.99818e-05 4.44911e-09
-4.99661e-06 -8.50004e-10 8.50004e-10 2.99864e-05 1.69972e-09
-4.99306e-06 -2.5625e-09 2.5625e-09 2.99722e-05 1.00724e-08
-4.99711e-06 -7.25006e-10 7.25006e-10 2.99884e-05 1.44981e-09
-4.99606e-06 -1.45e-09 1.45e-09 2.99842e-05 4.74916e-09
-4.99426e-06 -2.23378e-06 2.23378e-06 2.9977e-05 1.58641e-05
-4.99566e-06 1.08192e-09 1.09308e-09 2.99826e-05 2.21918e-09
-4.99741e-06 8.87503e-10 8.87503e-10 2.99896e-05 2.72469e-09
-4.99301e-06 2.52113e-06 2.52113e-06 2.9972e-05 1.76161e-05
-4.99706e-06 7.43803e-10 7.43803e-10 2.99882e-05 1.52517e-09
-4.99526e-06 1.7e-09 1.7e-09 2.9981e-05 5.44885e-09
-4.99426e-06 1.875e-09 1.875e-09 2.9977e-05 5.49861e-09
-4.99026e-06 4.025e-09 4.025e-09 2.9961e-05 1.58435e-08
-4.99521e-06 2.49573e-06 2.49573e-06 2.99808e-05 1.74663e-05
-4.99516e-06 2.45577e-06 2.45577e-06 2.99806e-05 1.72257e-05
-4.99041e-06 -3.96886e-09 3.98114e-09 2.99616e-05 1.58928e-08
-4.99696e-06 -7.6251e-10 7.6251e-10 2.99878e-05 1.52481e-09
-4.99336e-06 -2.5375e-09 2.5375e-09 2.99734e-05 1.03224e-08
-4.99671e-06 -8.25006e-10 8.25006e-10 2.99868e-05 1.64975e-09
-4.99621e-06 -1.4625e-09 1.4625e-09 2.99848e-05 4.97415e-09
-4.99661e-06 -8.50004e-10 8.50004e-10 2.99864e-05 1.69972e-09
-4.99541e-06 -2.0836e-06 2.0836e-06 2.99816e-05 1.49245e-05
-4.99286e-06 -2.76771e-09 2.76771e-09 2.99714e-05 1.14136e-08
-4.99266e-06 -2.78751e-09 2.78751e-09 2.99706e-05 1.12719e-08
-4.99346e-06 -2.41251e-09 2.41251e-09 2.99746e-05 9.5227e-09
-4.99486e-06 -1.85001e-09 1.85001e-09 2.99794e-05 5.94865e-09
-4.99641e-06 -9.00005e-10 9.00005e-10 2.99856e-05 1.79969e-09
-4.99516e-06 -1.65e-09 1.65e-09 2.99806e-05 5.04892e-09
-4.99636e-06 -1.2875e-09 1.2875e-09 2.99854e-05 4.07435e-09
-4.99481e-06 -1.7e-09 1.7e-09 2.99792e-05 4.99885e-09
-4.98941e-06 -4.3e-09 4.3e-09 2.99576e-05 1.66426e-08
-4.99281e-06 -2.65001e-09 2.65001e-09 2.99712e-05 1.03972e-08
-4.99726e-06 -6.87507e-10 6.87507e-10 2.9989e-05 1.37484e-09
-4.99386e-06 -3e-09 3e-09 2.99754e-05 1.33464e-08
-4.99466e-06 -1.88751e-09 1.88751e-09 2.99786e-05 5.97361e-09
-4.99716e-06 -7.12505e-10 7.12505e-10 2.99886e-05 1.42481e-09
-4.99111e-06 -3.6e-09 3.6e-09 2.99644e-05 1.40448e-08
-4.98881e-06 -4.60001e-09 4.60001e-09 2.99552e-05 1.82916e-08
-4.99636e-06 -9.12512e-10 9.12512e-10 2.99854e-05 1.82471e-09
-4.99751e-06 -6.25002e-10 6.25002e-10 2.999e-05 1.24985e-09
-4.99416e-06 -2.05e-09 2.05e-09 2.99766e-05 6.44832e-09
-4.99731e-06 -6.75005e-10 6.75005e-10 2.99892e-05 1.34983e-09
-4.99481e-06 -1.7625e-09 1.7625e-09 2.99792e-05 5.37376e-09
-4.99346e-06 -2.12446e-06 2.12446e-06 2.99738e-05 1.51805e-05
-4.99331e-06 3.45719e-09 3.46781e-09 2.99732e-05 1.61127e-08
-4.99146e-06 3.77501e-09 3.77501e-09 2.99658e-05 1.59443e-08
-4.99331e-06 3.46251e-09 3.46251e-09 2.99732e-05 1.60202e-08
-4.98866e-06 4.58751e-09 4.58751e-09 2.99546e-05 1.77666e-08
-4.99336e-06 2.80001e-09 2.80001e-09 2.99734e-05 1.11469e-08
-4.99011e-06 4.12501e-09 4.12501e-09 2.99604e-05 1.65932e-08
-4.98976e-06 4.17501e-09 4.17501e-09 2.9959e-05 1.62431e-08
-4.98841e-06 4.93751e-09 4.93751e-09 2.99536e-05 2.01153e-08
-4.99386e-06 2.33751e-09 2.33751e-09 2.99754e-05 9.47286e-09
-4.99031e-06 3.97501e-09 3.97501e-09 2.99612e-05 1.56437e-08
-4.99036e-06 3.87501e-09 3.87501e-09 2.99614e-05 1.5094e-08
-4.99041e-06 4.20001e-09 4.20001e-09 2.99616e-05 1.7343e-08
-4.99176e-06 3.47501e-09 3.47501e-09 2.9967e-05 1.38952e-08
-4.99256e-06 2.81251e-09 2.81251e-09 2.99702e-05 9.42187e-09
-4.99296e-06 2.83751e-09 2.83751e-09 2.99718e-05 1.21218e-08
-4.99361e-06 2.45001e-09 2.45001e-09 2.99744e-05 9.99763e-09
-4.98976e-06 4.26251e-09 4.26251e-09 2.9959e-05 1.69678e-08
-4.99381e-06 2.30001e-09 2.30001e-09 2.9976e-05 9.14793e-09
-4.98946e-06 4.45001e-09 4.45001e-09 2.99578e-05 1.79421e-08
-4.99711e-06 1.02501e-09 1.02501e-09 2.99884e-05 3.24962e-09
-4.99441e-06 1.7875e-09 1.7875e-09 2.99776e-05 5.12373e-09
-4.99071e-06 3.85e-09 3.85e-09 2.99628e-05 1.53441e-08
-4.99316e-06 2.58751e-09 2.58751e-09 2.99726e-05 8.67236e-09
-4.99511e-06 1.55001e-09 1.55001e-09 2.99804e-05 4.39906e-09
-4.99186e-06 3.5e-09 3.5e-09 2.99674e-05 1.42451e-08
-4.99331e-06 3.33751e-09 3.33751e-09 2.99732e-05 1.49206e-08
-4.99036e-06 3.92501e-09 3.92501e-09 2.99614e-05 1.53439e-08
-4.98806e-06 5.15001e-09 5.15001e-09 2.99522e-05 2.13394e-08
-4.99066e-06 3.87501e-09 3.87501e-09 2.99626e-05 1.5244e-08
-4.99516e-06 1.62501e-09 1.62501e-09 2.99806e-05 4.89898e-09
-4.99421e-06 2.1e-09 2.1e-09 2.99768e-05 6.79825e-09
-4.99016e-06 4.17501e-09 4.17501e-09 2.99606e-05 1.6943e-08
-4.99546e-06 1.48751e-09 1.48751e-09 2.99818e-05 4.37416e-09
-4.99671e-06 8.25004e-10 8.25004e-10 2.99868e-05 1.64974e-09
-4.99471e-06 2.51649e-06 2.51649e-06 2.99788e-05 1.75899e-05
-4.99216e-06 3.40629e-09 3.40629e-09 2.99686e-05 1.39957e-08
-4.98726e-06 5.25001e-09 5.25001e-09 2.9949e-05 2.0989e-08
-4.99561e-06 1.52501e-09 1.52501e-09 2.99824e-05 4.74912e-09
-4.99466e-06 1.85e-09 1.85e-09 2.99786e-05 5.74864e-09
-4.99351e-06 2.175e-09 2.175e-09 2.9974e-05 6.54812e-09
-4.99021e-06 4.12501e-09 4.12501e-09 2.99608e-05 1.65932e-08
-4.99496e-06 1.70001e-09 1.70001e-09 2.99798e-05 5.14889e-09
-4.99341e-06 2.5e-09 2.5e-09 2.99736e-05 8.39751e-09
-4.98901e-06 4.53751e-09 4.53751e-09 2.9956e-05 1.77668e-08
-4.99261e-06 2.5665e-06 2.5665e-06 2.99704e-05 1.78842e-05
-4.98856e-06 -4.74358e-09 4.75642e-09 2.99542e-05 1.91423e-08
-4.99351e-06 -3.17501e-09 3.17501e-09 2.9974e-05 1.4146e-08
-4.98981e-06 -4.30001e-09 4.30001e-09 2.99592e-05 1.72926e-08
-4.98996e-06 -4.17501e-09 4.17501e-09 2.99598e-05 1.65931e-08
-4.99616e-06 -9.6251e-10 9.6251e-10 2.99846e-05 1.92467e-09
-4.99316e-06 -2.5625e-09 2.5625e-09 2.99726e-05 1.02224e-08
-4.99081e-06 -3.90001e-09 3.90001e-09 2.99632e-05 1.58439e-08
-4.99331e-06 -3.02463e-06 3.02463e-06 2.99732e-05 2.05276e-05
-4.98981e-06 -4.07006e-09 4.07006e-09 2.99592e-05 1.56288e-08
-4.98961e-06 -4.20001e-09 4.20001e-09 2.99584e-05 1.6143e-08
-4.99011e-06 -4.27501e-09 4.27501e-09 2.99604e-05 1.75927e-08
-4.99726e-06 -1.02501e-09 1.02501e-09 2.9989e-05 3.39962e-09
-4.99676e-06 -1.175e-09 1.175e-09 2.9987e-05 3.79946e-09
-4.99521e-06 -1.65e-09 1.65e-09 2.99808e-05 5.09892e-09
-4.99041e-06 -4.125e-09 4.125e-09 2.99616e-05 1.68932e-08
-4.99491e-06 -1.71251e-09 1.71251e-09 2.99796e-05 5.17387e-09
-4.99526e-06 -1.5875e-09 1.5875e-09 2.9981e-05 4.774e-09
-4.99356e-06 -2.50424e-06 2.50424e-06 2.9975e-05 1.75158e-05
-4.99146e-06 -3.40626e-09 3.40626e-09 2.99658e-05 1.32954e-08
-4.99726e-06 -6.87509e-10 6.87509e-10 2.9989e-05 1.37484e-09
-4.99436e-06 -1.825e-09 1.825e-09 2.99774e-05 5.29867e-09
-4.99171e-06 -3.425e-09 3.425e-09 2.99668e-05 1.35953e-08
-4.98881e-06 -4.62501e-09 4.62501e-09 2.99552e-05 1.84915e-08
-4.99651e-06 -8.75012e-10 8.75012e-10 2.9986e-05 1.74974e-09
-4.99416e-06 -1.975e-09 1.975e-09 2.99766e-05 5.99844e-09
-4.99061e-06 -3.8875e-09 3.8875e-09 2.99624e-05 1.5519e-08
3.87523e-10 -1.24993e-06 1.24993e-06 3.29975e-09 3.54118e-06
-4.9887e-06 -1.24518e-06 1.24918e-06 2.99547e-05 1.88032e-06
-4.99291e-06 2.47189e-09 2.47812e-09 2.99716e-05 9.15381e-09
-4.99051e-06 3.91251e-09 3.91251e-09 2.9962e-05 1.54189e-08
-4.99601e-06 1.51251e-09 1.51251e-09 2.9984e-05 5.07412e-09
-4.99536e-06 1.5125e-09 1.5125e-09 2.99814e-05 4.4241e-09
-4.99331e-06 2.55e-09 2.55e-09 2.99732e-05 1.03474e-08
-4.99481e-06 1.70001e-09 1.70001e-09 2.99792e-05 4.99887e-09
-4.98791e-06 5.0375e-09 5.0375e-09 2.99516e-05 2.00149e-08
-4.99011e-06 4.27501e-09 4.27501e-09 2.99604e-05 1.73927e-08
-4.99331e-06 3.62501e-09 3.62501e-09 2.99732e-05 1.73448e-08
-4.99461e-06 1.77501e-09 1.77501e-09 2.99784e-05 5.24878e-09
-4.98911e-06 4.3875e-09 4.3875e-09 2.99564e-05 1.67173e-08
-4.99066e-06 3.97501e-09 3.97501e-09 2.99626e-05 1.63437e-08
-4.98861e-06 4.80001e-09 4.80001e-09 2.99544e-05 1.93908e-08
-4.98981e-06 4.26251e-09 4.26251e-09 2.99592e-05 1.70178e-08
-4.98946e-06 4.71251e-09 4.71251e-09 2.99578e-05 2.02162e-08
-4.99306e-06 3.76251e-09 3.76251e-09 2.99722e-05 1.81694e-08
-4.99106e-06 3.78751e-09 3.78751e-09 2.99642e-05 1.54193e-08
-4.99011e-06 4.07501e-09 4.07501e-09 2.99604e-05 1.61434e-08
-4.99691e-06 7.7501e-10 7.7501e-10 2.99876e-05 1.5498e-09
-4.99501e-06 1.6125e-09 1.6125e-09 2.998e-05 4.67396e-09
-4.99661e-06 8.50004e-10 8.50004e-10 2.99864e-05 1.69972e-09
-4.99036e-06 4.075e-09 4.075e-09 2.99614e-05 1.63434e-08
-4.99496e-06 1.65001e-09 1.65001e-09 2.99798e-05 4.84895e-09
-4.99456e-06 2.94946e-06 2.94946e-06 2.99782e-05 2.01078e-05
-4.99421e-06 -1.93013e-09 1.94487e-09 2.99768e-05 5.88248e-09
-4.99641e-06 -9.00005e-10 9.00005e-10 2.99856e-05 1.79969e-09
-4.99121e-06 -3.8125e-09 3.8125e-09 2.99648e-05 1.59192e-08
-4.99071e-06 -3.77501e-09 3.77501e-09 2.99628e-05 1.47443e-08
-4.98891e-06 -4.88751e-09 4.88751e-09 2.99556e-05 2.07155e-08
-4.99501e-06 -1.60001e-09 1.60001e-09 2.998e-05 4.59903e-09
-4.98981e-06 -4.225e-09 4.225e-09 2.99592e-05 1.69429e-08
-4.99451e-06 -1.88751e-09 1.88751e-09 2.9978e-05 5.82362e-09
-4.99016e-06 -4.275e-09 4.275e-09 2.99606e-05 1.76427e-08
-4.99006e-06 -3.95001e-09 3.95001e-09 2.99602e-05 1.52938e-08
-4.99281e-06 -2.72728e-06 2.72728e-06 2.99712e-05 1.88322e-05
-4.98981e-06 -4.25682e-09 4.25682e-09 2.99592e-05 1.70973e-08
-4.98876e-06 -4.55001e-09 4.55001e-09 2.9955e-05 1.74918e-08
-4.99571e-06 -1.43751e-09 1.43751e-09 2.99828e-05 4.32422e-09
-4.99541e-06 -1.5625e-09 1.5625e-09 2.99816e-05 4.77403e-09
-4.98876e-06 -4.55e-09 4.55e-09 2.9955e-05 1.73917e-08
-4.99046e-06 -4.05001e-09 4.05001e-09 2.99618e-05 1.65435e-08
-4.99541e-06 -1.62501e-09 1.62501e-09 2.99816e-05 5.14899e-09
-4.99656e-06 -8.62504e-10 8.62504e-10 2.99862e-05 1.72472e-09
-4.99326e-06 -2.5125e-09 2.5125e-09 2.9973e-05 9.97248e-09
-4.99806e-06 -4.87506e-10 4.87506e-10 2.99922e-05 9.7493e-10
-4.99721e-06 -7.00001e-10 7.00001e-10 2.99888e-05 1.39981e-09
-4.99311e-06 -3.4625e-09 3.4625e-09 2.99724e-05 1.55702e-08
-4.99556e-06 -1.45001e-09 1.45001e-09 2.99822e-05 4.2492e-09
-4.99676e-06 -8.12504e-10 8.12504e-10 2.9987e-05 1.62475e-09
-4.99701e-06 -7.50002e-10 7.50002e-10 2.9988e-05 1.49978e-09
-4.98951e-06 -4.3e-09 4.3e-09 2.9958e-05 1.69426e-08
-4.99291e-06 -3.41251e-09 3.41251e-09 2.99716e-05 1.48704e-08
-4.99631e-06 -9.25009e-10 9.25009e-10 2.99852e-05 1.84969e-09
-4.99331e-06 -2.5786e-06 2.5786e-06 2.99732e-05 1.79575e-05
-4.99011e-06 -4.08145e-09 4.08145e-09 2.99604e-05 1.61449e-08
-4.99356e-06 -3.38751e-09 3.38751e-09 2.99742e-05 1.59705e-08
-4.99411e-06 -1.98751e-09 1.98751e-09 2.99764e-05 6.02346e-09
-4.99641e-06 -9.00005e-10 9.00005e-10 2.99856e-05 1.79969e-09
-4.98941e-06 -4.625e-09 4.625e-09 2.99584e-05 1.90914e-08
-4.99001e-06 -4.10001e-09 4.10001e-09 2.996e-05 1.60933e-08
-4.98866e-06 -4.58751e-09 4.58751e-09 2.99546e-05 1.77166e-08
-4.99681e-06 -8.00011e-10 8.00011e-10 2.99872e-05 1.59979e-09
-4.99671e-06 -1.25e-09 1.25e-09 2.99868e-05 4.19938e-09
-4.99116e-06 -3.7e-09 3.7e-09 2.99646e-05 1.48945e-08
-4.99471e-06 -1.77501e-09 1.77501e-09 2.99788e-05 5.34878e-09
-4.99491e-06 -1.525e-09 1.525e-09 2.99796e-05 4.04908e-09
-4.99036e-06 -4.1e-09 4.1e-09 2.99614e-05 1.68433e-08
-4.99506e-06 -2.66319e-06 2.66319e-06 2.99802e-05 1.84604e-05
-4.99646e-06 -8.94158e-10 8.94158e-10 2.99858e-05 1.82792e-09
-4.99686e-06 -7.87502e-10 7.87502e-10 2.99874e-05 1.57476e-09
-4.99496e-06 -1.675e-09 1.675e-09 2.99798e-05 4.99888e-09
-4.98886e-06 -4.525e-09 4.525e-09 2.99562e-05 1.76418e-08
-4.99351e-06 -2.52501e-09 2.52501e-09 2.9974e-05 1.04475e-08
-4.99041e-06 -3.82501e-09 3.82501e-09 2.99616e-05 1.47442e-08
-4.99416e-06 -1.95001e-09 1.95001e-09 2.99766e-05 5.84852e-09
-4.99296e-06 -2.84498e-06 2.84498e-06 2.99718e-05 1.95101e-05
-4.99026e-06 4.06789e-09 4.08211e-09 2.9961e-05 1.65003e-08
-4.99671e-06 1.25001e-09 1.25001e-09 2.99868e-05 4.19942e-09
-4.99516e-06 1.55e-09 1.55e-09 2.99806e-05 4.44905e-09
-4.99291e-06 3.7475e-06 3.7475e-06 2.99716e-05 1.68618e-05
-4.99336e-06 -2.78393e-06 2.78395e-06 2.99734e-05 1.916e-05
-4.99211e-06 -3.28196e-09 3.28196e-09 2.99684e-05 1.30513e-08
-4.99711e-06 -1.07501e-09 1.07501e-09 2.99884e-05 3.54957e-09
-4.99011e-06 -4.1e-09 4.1e-09 2.99604e-05 1.62933e-08
-4.99816e-06 -4.6251e-10 4.6251e-10 2.99926e-05 9.24955e-10
-4.99091e-06 -3.7e-09 3.7e-09 2.99636e-05 1.43945e-08
-4.99126e-06 -3.65001e-09 3.65001e-09 2.9965e-05 1.46947e-08
-4.99421e-06 -2.12501e-09 2.12501e-09 2.99768e-05 8.29823e-09
-4.99541e-06 -1.52501e-09 1.52501e-09 2.99816e-05 4.54909e-09
-4.99666e-06 -8.37504e-10 8.37504e-10 2.99866e-05 1.67473e-09
-4.99576e-06 -1.5e-09 1.5e-09 2.9983e-05 4.7491e-09
-4.99001e-06 -4.0875e-09 4.0875e-09 2.996e-05 1.59683e-08
-4.99706e-06 -7.3751e-10 7.3751e-10 2.99882e-05 1.47482e-09
-4.99321e-06 -2.55e-09 2.55e-09 2.99728e-05 1.01974e-08
-4.98926e-06 -4.46251e-09 4.46251e-09 2.9957e-05 1.79171e-08
-4.99661e-06 -8.50011e-10 8.50011e-10 2.99864e-05 1.69976e-09
-4.99506e-06 -1.65e-09 1.65e-09 2.99802e-05 4.94892e-09
-4.99616e-06 -9.62504e-10 9.62504e-10 2.99846e-05 1.92464e-09
-4.99446e-06 -1.925e-09 1.925e-09 2.99778e-05 5.99852e-09
-4.99261e-06 -2.825e-09 2.825e-09 2.99704e-05 1.14968e-08
-4.99171e-06 -3.58751e-09 3.58751e-09 2.99668e-05 1.49199e-08
-4.99691e-06 -7.75009e-10 7.75009e-10 2.99876e-05 1.5498e-09
-4.99571e-06 -1.075e-09 1.075e-09 2.99828e-05 2.14954e-09
-4.99451e-06 -1.8e-09 1.8e-09 2.9978e-05 5.29871e-09
-4.99586e-06 -1.0375e-09 1.0375e-09 2.99834e-05 2.07458e-09
-4.98986e-06 -4.1375e-09 4.1375e-09 2.99594e-05 1.62682e-08
-4.99531e-06 -1.55001e-09 1.55001e-09 2.99812e-05 4.59908e-09
-4.98991e-06 -4.375e-09 4.375e-09 2.99596e-05 1.82424e-08
-4.99196e-06 -3.27501e-09 3.27501e-09 2.99678e-05 1.27958e-08
-4.99661e-06 -8.50008e-10 8.50008e-10 2.99864e-05 1.69974e-09
-4.98946e-06 -4.3375e-09 4.3375e-09 2.99578e-05 1.70175e-08
-4.99356e-06 -2.46251e-09 2.46251e-09 2.99742e-05 1.00226e-08
-4.99036e-06 -4.30001e-09 4.30001e-09 2.99614e-05 1.80426e-08
-4.99656e-06 -1.28751e-09 1.28751e-09 2.99862e-05 4.27438e-09
-4.99606e-06 -9.87503e-10 9.87503e-10 2.99842e-05 1.97462e-09
-4.99466e-06 -1.8625e-09 1.8625e-09 2.99786e-05 6.87362e-09
-4.99651e-06 -8.75005e-10 8.75005e-10 2.9986e-05 1.74971e-09
-4.99136e-06 -3.7375e-09 3.7375e-09 2.99654e-05 1.56194e-08
