-1.9944 -1.49765 1.49765 0.0446746 0.00947791
-1.9954 0.0019 0.0019 0.0367154 0.00758556
-1.9972 0.6266 0.6266 0.0223686 3.43729
-1.9992 0.0002 0.0002 0.00639744 0.00039984
-1.9986 0.00035 0.00035 0.0111922 0.00069951
-1.9948 0.0025 0.0025 0.0414918 0.010975
-1.9984 0.00085 0.00085 0.0127898 0.00429711
-1.9948 0.0024 0.0024 0.0414918 0.010377
-1.9996 0.0001 0.0001 0.00319936 0.00019996
-1.9986 0.00035 0.00035 0.0111922 0.00069951
-1.9982 0.00045 0.00045 0.014387 0.00089919
-1.997 0.00105 0.00105 0.023964 0.00349559
-1.9966 0.0011 0.0011 0.0271538 0.00319516
-1.9948 0.002 0.002 0.0414918 0.007184
-1.996 0.0015 0.0015 0.031936 0.005591
-1.997 0.7411 0.7411 0.023964 3.72668
-1.9962 1.00365 1.00365 0.0303422 3.99425
-1.9956 -0.0018 0.0018 0.0351226 0.00698704
-1.9978 -0.001 0.001 0.0175806 0.004396
-1.998 -0.8134 0.8134 0.015984 3.85672
-1.994 -0.0027 0.0027 0.047856 0.0115708
-1.9972 -1.1276 1.1276 0.0223686 3.93007
-1.9976 -1.1724 1.1724 0.019177 3.87671
-1.997 0.001 0.001 0.023964 0.002996
-1.9966 0.0015 0.0015 0.0271538 0.006191
-1.9986 0.0006 0.0006 0.0111922 0.00239856
-1.9986 0.00045 0.00045 0.0111922 0.00129919
-1.9982 0.0006 0.0006 0.014387 0.00179856
-1.9956 0.0016 0.0016 0.0351226 0.00558976
-1.9986 0.0006 0.0006 0.0111922 0.00219856
-1.9992 0.0002 0.0002 0.00639744 0.00039984
-1.9976 0.0008 0.0008 0.019177 0.00259744
-1.9968 0.0014 0.0014 0.025559 0.00579216
-1.9978 0.00055 0.00055 0.0175806 0.00109879
-1.9992 0.0002 0.0002 0.00639744 0.00039984
-1.998 0.0005 0.0005 0.015984 0.000999
-1.9964 0.00135 0.00135 0.0287482 0.00489271
-1.9934 0.00255 0.00255 0.0526258 0.00927399
-1.9968 0.00165 0.00165 0.025559 0.00748911
-1.9982 0.0006 0.0006 0.014387 0.00179856
-1.9976 0.0008 0.0008 0.019177 0.00239744
-1.9942 0.0025 0.0025 0.0462654 0.010375
-1.9972 0.001 0.001 0.0223686 0.003396
-1.998 0.0008 0.0008 0.015984 0.00279744
-1.9992 0.0002 0.0002 0.00639744 0.00039984
-1.9974 0.0007 0.0007 0.020773 0.00159804
-1.997 0.00125 0.00125 0.023964 0.00549375
-1.9982 0.00065 0.00065 0.014387 0.00209831
-1.9958 0.0019 0.0019 0.0335294 0.00798556
-1.9978 0.73645 0.73645 0.0175806 3.71887
-1.9982 -0.0007 0.0007 0.014387 0.00259804
-1.9966 -0.0016 0.0016 0.0271538 0.00698976
-1.9964 -0.0015 0.0015 0.0287482 0.006591
-1.995 -0.00225 0.00225 0.0399 0.00967975
-1.995 -0.0021 0.0021 0.0399 0.00838236
-1.9972 -0.00125 0.00125 0.0223686 0.00529375
-1.9966 -0.0013 0.0013 0.0271538 0.00479324
-1.9994 -0.00015 0.00015 0.00479856 0.00029991
-1.9984 -0.0004 0.0004 0.0127898 0.00079936
-1.9962 -0.0014 0.0014 0.0303422 0.00499216
-1.9972 -0.0008 0.0008 0.0223686 0.00199744
-1.9984 -0.00055 0.00055 0.0127898 0.00169879
-1.9978 -0.00075 0.00075 0.0175806 0.00229775
-1.997 -1.18515 1.18515 0.023964 3.85838
-1.998 1.47955 1.47955 0.015984 3.07683
-1.9968 -1.2755 1.2755 0.025559 3.6916
-1.9952 -0.00215 0.00215 0.0383078 0.00928151
-1.9956 -0.00195 0.00195 0.0351226 0.00828479
-1.996 -0.00165 0.00165 0.031936 0.00648911
-1.9904 -0.0041 0.0041 0.0764314 0.0169328
-1.9958 -0.00155 0.00155 0.0335294 0.00609039
-1.9964 -0.7336 0.7336 0.0287482 3.70992
-1.9978 -0.00095 0.00095 0.0175806 0.00429639
-1.9962 -0.0017 0.0017 0.0303422 0.00738844
-1.9974 -0.99975 0.99975 0.020773 3.9957
-1.9972 0.00105 0.00105 0.0223686 0.00369559
-1.9958 0.0019 0.0019 0.0335294 0.00818556
-1.9982 0.00045 0.00045 0.014387 0.00089919
-1.9994 0.00015 0.00015 0.00479856 0.00029991
-1.9996 0.0001 0.0001 0.00319936 0.00019996
-1.9968 0.0012 0.0012 0.025559 0.00419424
-1.9964 0.00145 0.00145 0.0287482 0.00569159
-1.9956 0.0018 0.0018 0.0351226 0.00718704
-1.9976 0.0008 0.0008 0.019177 0.00279744
-1.9962 0.0014 0.0014 0.0303422 0.00499216
-1.998 0.0007 0.0007 0.015984 0.00219804
-1.9988 0.0004 0.0004 0.00959424 0.00119936
-1.9982 0.00045 0.00045 0.014387 0.00089919
-1.9986 0.00045 0.00045 0.0111922 0.00129919
-1.998 0.0006 0.0006 0.015984 0.00159856
-1.9982 0.0005 0.0005 0.014387 0.001199
-1.9982 0.0006 0.0006 0.014387 0.00179856
-1.9984 0.62855 0.62855 0.0127898 3.4454
-1.9972 -0.0009 0.0009 0.0223686 0.00259676
-1.9944 -0.0022 0.0022 0.0446746 0.00838064
-1.9954 -0.0017 0.0017 0.0367154 0.00598844
-1.9952 -0.002 0.002 0.0383078 0.007984
-1.9972 -0.0009 0.0009 0.0223686 0.00259676
-1.9968 -0.0012 0.0012 0.025559 0.00419424
-1.9954 -0.00185 0.00185 0.0367154 0.00788631
