0 0 0.3 0 0.6
0 0.35 0.35 0 0.21
-2 -1.5 1.5 0 0
-2 0 0 0 0
-2 0 0 0 0
-2 0 0 0 0
-2 0 0 0 0
-2 0 0 0 0
-2 0 0 0 0
-2 0 0 0 0
-2 0 0 0 0
-2 0 0 0 0
-2 0 0 0 0
-2 0 0 0 0
-2 0 0 0 0
-2 0 0 0 0
-2 0 0 0 0
-2 0 0 0 0
-2 0 0 0 0
-2 0 0 0 0
-2 0 0 0 0
-2 0 0 0 0
-2 0 0 0 0
-2 0 0 0 0
-2 0 0 0 0
-2 0 0 0 0
-2 0 0 0 0
-2 0 0 0 0
-2 0 0 0 0
-2 0 0 0 0
-2 0 0 0 0
-2 0 0 0 0
-2 0 0 0 0
-2 0 0 0 0
-2 0 0 0 0
-2 0 0 0 0
-2 0 0 0 0
-2 0 0 0 0
-2 0 0 0 0
-2 0 0 0 0
-2 0 0 0 0
-2 0 0 0 0
-2 0 0 0 0
-2 0 0 0 0
-2 0 0 0 0
-2 0 0 0 0
-2 0 0 0 0
-2 0 0 0 0
-2 0 0 0 0
-2 0 0 0 0
-2 0 0 0 0
-2 0 0 0 0
-2 0 0 0 0
-2 0 0 0 0
-2 0 0 0 0
-2 0 0 0 0
-2 0 0 0 0
-2 0 0 0 0
-2 0 0 0 0
-2 0 0 0 0
-2 0 0 0 0
-2 0 0 0 0
-2 0 0 0 0
-2 0 0 0 0
-2 0 0 0 0
-2 0 0 0 0
-2 0 0 0 0
-2 0 0 0 0
-2 0 0 0 0
-2 0 0 0 0
-2 0 0 0 0
-2 0 0 0 0
-2 0 0 0 0
-2 0 0 0 0
-2 0 0 0 0
-2 0 0 0 0
-2 0 0 0 0
-2 0 0 0 0
-2 0 0 0 0
-2 0 0 0 0
-2 0 0 0 0
-2 0 0 0 0
-2 0 0 0 0
-2 0 0 0 0
-2 0 0 0 0
-2 0 0 0 0
-2 0 0 0 0
-2 0 0 0 0
-2 0 0 0 0
-2 0 0 0 0
-1.4 0.3 0.3 3.36 1.04
-2 0 0 0 0
-2 0 0 0 0
-2 0 0 0 0
-2 0 0 0 0
-2 0 0 0 0
-2 0 0 0 0
-2 0 0 0 0
-2 0 0 0 0
-2 0 0 0 0
